        LOW survival proabilities

Figure 9 of Phys. Rev. D, 58, 096016 (1998) 
by J. N. Bahcall, P. I. Krastev, and A. Yu. Smirnov.

The first column is the neutrino energy in MeV. 
The second through fourth columns are the survival 
probabilities for the daytime only, the average of 
day plus night, and the night only, respectively. 

     E        Day      Day + Night  Night
   (MeV)     

 0.1000E+00 0.3941E+00 0.4681E+00 0.5427E+00
 0.1500E+00 0.3940E+00 0.5104E+00 0.6275E+00
 0.2000E+00 0.3940E+00 0.5217E+00 0.6502E+00
 0.2500E+00 0.3940E+00 0.5389E+00 0.6845E+00
 0.3000E+00 0.3939E+00 0.5445E+00 0.6959E+00
 0.3500E+00 0.3939E+00 0.5420E+00 0.6909E+00
 0.4000E+00 0.3939E+00 0.5356E+00 0.6780E+00
 0.4500E+00 0.3939E+00 0.5276E+00 0.6621E+00
 0.5000E+00 0.3939E+00 0.5194E+00 0.6455E+00
 0.5500E+00 0.3939E+00 0.5113E+00 0.6295E+00
 0.6000E+00 0.3939E+00 0.5038E+00 0.6145E+00
 0.6500E+00 0.3939E+00 0.4970E+00 0.6007E+00
 0.7000E+00 0.3939E+00 0.4907E+00 0.5881E+00
 0.7500E+00 0.3939E+00 0.4850E+00 0.5767E+00
 0.8000E+00 0.3939E+00 0.4798E+00 0.5664E+00
 0.8500E+00 0.3939E+00 0.4752E+00 0.5570E+00
 0.9000E+00 0.3939E+00 0.4709E+00 0.5485E+00
 0.9500E+00 0.3939E+00 0.4670E+00 0.5408E+00
 0.1000E+01 0.3939E+00 0.4635E+00 0.5337E+00
 0.1050E+01 0.3939E+00 0.4603E+00 0.5273E+00
 0.1100E+01 0.3939E+00 0.4573E+00 0.5214E+00
 0.1150E+01 0.3939E+00 0.4546E+00 0.5159E+00
 0.1200E+01 0.3939E+00 0.4521E+00 0.5109E+00
 0.1250E+01 0.3939E+00 0.4498E+00 0.5062E+00
 0.1300E+01 0.3939E+00 0.4476E+00 0.5019E+00
 0.1350E+01 0.3939E+00 0.4456E+00 0.4979E+00
 0.1400E+01 0.3939E+00 0.4437E+00 0.4942E+00
 0.1450E+01 0.3939E+00 0.4420E+00 0.4907E+00
 0.1500E+01 0.3939E+00 0.4404E+00 0.4874E+00
 0.1550E+01 0.3939E+00 0.4389E+00 0.4844E+00
 0.1600E+01 0.3939E+00 0.4374E+00 0.4815E+00
 0.1650E+01 0.3939E+00 0.4361E+00 0.4788E+00
 0.1700E+01 0.3939E+00 0.4348E+00 0.4763E+00
 0.1750E+01 0.3939E+00 0.4336E+00 0.4739E+00
 0.1800E+01 0.3939E+00 0.4325E+00 0.4717E+00
 0.1850E+01 0.3939E+00 0.4314E+00 0.4695E+00
 0.1900E+01 0.3939E+00 0.4304E+00 0.4675E+00
 0.1950E+01 0.3939E+00 0.4294E+00 0.4656E+00
 0.2000E+01 0.3939E+00 0.4285E+00 0.4637E+00
 0.2050E+01 0.3939E+00 0.4277E+00 0.4620E+00
 0.2100E+01 0.3939E+00 0.4268E+00 0.4604E+00
 0.2150E+01 0.3939E+00 0.4261E+00 0.4588E+00
 0.2200E+01 0.3939E+00 0.4253E+00 0.4573E+00
 0.2250E+01 0.3939E+00 0.4246E+00 0.4558E+00
 0.2300E+01 0.3939E+00 0.4239E+00 0.4545E+00
 0.2350E+01 0.3939E+00 0.4232E+00 0.4531E+00
 0.2400E+01 0.3939E+00 0.4226E+00 0.4519E+00
 0.2450E+01 0.3939E+00 0.4220E+00 0.4507E+00
 0.2500E+01 0.3939E+00 0.4214E+00 0.4495E+00
 0.2550E+01 0.3939E+00 0.4209E+00 0.4484E+00
 0.2600E+01 0.3939E+00 0.4203E+00 0.4473E+00
 0.2650E+01 0.3939E+00 0.4198E+00 0.4463E+00
 0.2700E+01 0.3939E+00 0.4193E+00 0.4453E+00
 0.2750E+01 0.3939E+00 0.4189E+00 0.4444E+00
 0.2800E+01 0.3939E+00 0.4184E+00 0.4434E+00
 0.2850E+01 0.3939E+00 0.4180E+00 0.4426E+00
 0.2900E+01 0.3939E+00 0.4175E+00 0.4417E+00
 0.2950E+01 0.3939E+00 0.4171E+00 0.4409E+00
 0.3000E+01 0.3939E+00 0.4167E+00 0.4401E+00
 0.3050E+01 0.3939E+00 0.4163E+00 0.4393E+00
 0.3100E+01 0.3939E+00 0.4160E+00 0.4386E+00
 0.3150E+01 0.3939E+00 0.4156E+00 0.4378E+00
 0.3200E+01 0.3939E+00 0.4152E+00 0.4371E+00
 0.3250E+01 0.3939E+00 0.4149E+00 0.4365E+00
 0.3300E+01 0.3939E+00 0.4146E+00 0.4358E+00
 0.3350E+01 0.3939E+00 0.4143E+00 0.4352E+00
 0.3400E+01 0.3939E+00 0.4140E+00 0.4345E+00
 0.3450E+01 0.3940E+00 0.4137E+00 0.4339E+00
 0.3500E+01 0.3940E+00 0.4134E+00 0.4334E+00
 0.3550E+01 0.3940E+00 0.4131E+00 0.4328E+00
 0.3600E+01 0.3940E+00 0.4128E+00 0.4323E+00
 0.3650E+01 0.3940E+00 0.4126E+00 0.4317E+00
 0.3700E+01 0.3940E+00 0.4123E+00 0.4312E+00
 0.3750E+01 0.3940E+00 0.4121E+00 0.4307E+00
 0.3800E+01 0.3940E+00 0.4118E+00 0.4302E+00
 0.3850E+01 0.3940E+00 0.4116E+00 0.4297E+00
 0.3900E+01 0.3940E+00 0.4113E+00 0.4293E+00
 0.3950E+01 0.3940E+00 0.4111E+00 0.4288E+00
 0.4000E+01 0.3940E+00 0.4109E+00 0.4284E+00
 0.4050E+01 0.3940E+00 0.4107E+00 0.4280E+00
 0.4100E+01 0.3940E+00 0.4105E+00 0.4275E+00
 0.4150E+01 0.3940E+00 0.4103E+00 0.4271E+00
 0.4200E+01 0.3940E+00 0.4101E+00 0.4267E+00
 0.4250E+01 0.3941E+00 0.4099E+00 0.4264E+00
 0.4300E+01 0.3941E+00 0.4097E+00 0.4260E+00
 0.4350E+01 0.3941E+00 0.4096E+00 0.4256E+00
 0.4400E+01 0.3941E+00 0.4094E+00 0.4253E+00
 0.4450E+01 0.3941E+00 0.4092E+00 0.4249E+00
 0.4500E+01 0.3941E+00 0.4091E+00 0.4246E+00
 0.4550E+01 0.3941E+00 0.4089E+00 0.4242E+00
 0.4600E+01 0.3941E+00 0.4088E+00 0.4239E+00
 0.4650E+01 0.3942E+00 0.4086E+00 0.4236E+00
 0.4700E+01 0.3942E+00 0.4085E+00 0.4233E+00
 0.4750E+01 0.3942E+00 0.4083E+00 0.4230E+00
 0.4800E+01 0.3942E+00 0.4082E+00 0.4227E+00
 0.4850E+01 0.3942E+00 0.4081E+00 0.4224E+00
 0.4900E+01 0.3943E+00 0.4079E+00 0.4222E+00
 0.4950E+01 0.3943E+00 0.4078E+00 0.4219E+00
 0.5000E+01 0.3943E+00 0.4077E+00 0.4216E+00
 0.5050E+01 0.3943E+00 0.4076E+00 0.4214E+00
 0.5100E+01 0.3944E+00 0.4075E+00 0.4211E+00
 0.5150E+01 0.3944E+00 0.4073E+00 0.4209E+00
 0.5200E+01 0.3944E+00 0.4072E+00 0.4206E+00
 0.5250E+01 0.3944E+00 0.4071E+00 0.4204E+00
 0.5300E+01 0.3945E+00 0.4070E+00 0.4202E+00
 0.5350E+01 0.3945E+00 0.4069E+00 0.4200E+00
 0.5400E+01 0.3945E+00 0.4069E+00 0.4197E+00
 0.5450E+01 0.3946E+00 0.4068E+00 0.4195E+00
 0.5500E+01 0.3946E+00 0.4067E+00 0.4193E+00
 0.5550E+01 0.3946E+00 0.4066E+00 0.4191E+00
 0.5600E+01 0.3947E+00 0.4065E+00 0.4189E+00
 0.5650E+01 0.3947E+00 0.4065E+00 0.4188E+00
 0.5700E+01 0.3948E+00 0.4064E+00 0.4186E+00
 0.5750E+01 0.3948E+00 0.4063E+00 0.4184E+00
 0.5800E+01 0.3948E+00 0.4062E+00 0.4182E+00
 0.5850E+01 0.3949E+00 0.4062E+00 0.4180E+00
 0.5900E+01 0.3949E+00 0.4061E+00 0.4179E+00
 0.5950E+01 0.3950E+00 0.4061E+00 0.4177E+00
 0.6000E+01 0.3950E+00 0.4060E+00 0.4176E+00
 0.6050E+01 0.3951E+00 0.4060E+00 0.4174E+00
 0.6100E+01 0.3951E+00 0.4059E+00 0.4173E+00
 0.6150E+01 0.3952E+00 0.4059E+00 0.4171E+00
 0.6200E+01 0.3952E+00 0.4058E+00 0.4170E+00
 0.6250E+01 0.3953E+00 0.4058E+00 0.4169E+00
 0.6300E+01 0.3953E+00 0.4057E+00 0.4167E+00
 0.6350E+01 0.3954E+00 0.4057E+00 0.4166E+00
 0.6400E+01 0.3954E+00 0.4057E+00 0.4165E+00
 0.6450E+01 0.3955E+00 0.4057E+00 0.4164E+00
 0.6500E+01 0.3956E+00 0.4056E+00 0.4162E+00
 0.6550E+01 0.3956E+00 0.4056E+00 0.4161E+00
 0.6600E+01 0.3957E+00 0.4056E+00 0.4160E+00
 0.6650E+01 0.3958E+00 0.4056E+00 0.4159E+00
 0.6700E+01 0.3958E+00 0.4055E+00 0.4158E+00
 0.6750E+01 0.3959E+00 0.4055E+00 0.4157E+00
 0.6800E+01 0.3960E+00 0.4055E+00 0.4156E+00
 0.6850E+01 0.3960E+00 0.4055E+00 0.4156E+00
 0.6900E+01 0.3961E+00 0.4055E+00 0.4155E+00
 0.6950E+01 0.3962E+00 0.4055E+00 0.4154E+00
 0.7000E+01 0.3962E+00 0.4055E+00 0.4153E+00
 0.7050E+01 0.3963E+00 0.4055E+00 0.4152E+00
 0.7100E+01 0.3964E+00 0.4055E+00 0.4152E+00
 0.7150E+01 0.3965E+00 0.4055E+00 0.4151E+00
 0.7200E+01 0.3966E+00 0.4055E+00 0.4150E+00
 0.7250E+01 0.3966E+00 0.4055E+00 0.4150E+00
 0.7300E+01 0.3967E+00 0.4055E+00 0.4149E+00
 0.7350E+01 0.3968E+00 0.4055E+00 0.4148E+00
 0.7400E+01 0.3969E+00 0.4056E+00 0.4148E+00
 0.7450E+01 0.3970E+00 0.4056E+00 0.4147E+00
 0.7500E+01 0.3971E+00 0.4056E+00 0.4147E+00
 0.7550E+01 0.3971E+00 0.4056E+00 0.4146E+00
 0.7600E+01 0.3972E+00 0.4056E+00 0.4146E+00
 0.7650E+01 0.3973E+00 0.4057E+00 0.4146E+00
 0.7700E+01 0.3974E+00 0.4057E+00 0.4145E+00
 0.7750E+01 0.3975E+00 0.4057E+00 0.4145E+00
 0.7800E+01 0.3976E+00 0.4058E+00 0.4145E+00
 0.7850E+01 0.3977E+00 0.4058E+00 0.4144E+00
 0.7900E+01 0.3978E+00 0.4058E+00 0.4144E+00
 0.7950E+01 0.3979E+00 0.4059E+00 0.4144E+00
 0.8000E+01 0.3980E+00 0.4059E+00 0.4144E+00
 0.8050E+01 0.3981E+00 0.4059E+00 0.4144E+00
 0.8100E+01 0.3982E+00 0.4060E+00 0.4143E+00
 0.8150E+01 0.3983E+00 0.4060E+00 0.4143E+00
 0.8200E+01 0.3984E+00 0.4061E+00 0.4143E+00
 0.8250E+01 0.3985E+00 0.4061E+00 0.4143E+00
 0.8300E+01 0.3986E+00 0.4062E+00 0.4143E+00
 0.8350E+01 0.3987E+00 0.4062E+00 0.4143E+00
 0.8400E+01 0.3988E+00 0.4063E+00 0.4143E+00
 0.8450E+01 0.3990E+00 0.4063E+00 0.4143E+00
 0.8500E+01 0.3991E+00 0.4064E+00 0.4143E+00
 0.8550E+01 0.3992E+00 0.4065E+00 0.4143E+00
 0.8600E+01 0.3993E+00 0.4065E+00 0.4143E+00
 0.8650E+01 0.3994E+00 0.4066E+00 0.4143E+00
 0.8700E+01 0.3995E+00 0.4066E+00 0.4143E+00
 0.8750E+01 0.3996E+00 0.4067E+00 0.4143E+00
 0.8800E+01 0.3998E+00 0.4068E+00 0.4144E+00
 0.8850E+01 0.3999E+00 0.4068E+00 0.4144E+00
 0.8900E+01 0.4000E+00 0.4069E+00 0.4144E+00
 0.8950E+01 0.4001E+00 0.4070E+00 0.4144E+00
 0.9000E+01 0.4002E+00 0.4071E+00 0.4144E+00
 0.9050E+01 0.4004E+00 0.4071E+00 0.4145E+00
 0.9100E+01 0.4005E+00 0.4072E+00 0.4145E+00
 0.9150E+01 0.4006E+00 0.4073E+00 0.4145E+00
 0.9200E+01 0.4007E+00 0.4074E+00 0.4146E+00
 0.9250E+01 0.4009E+00 0.4074E+00 0.4146E+00
 0.9300E+01 0.4010E+00 0.4075E+00 0.4146E+00
 0.9350E+01 0.4011E+00 0.4076E+00 0.4147E+00
 0.9400E+01 0.4012E+00 0.4077E+00 0.4147E+00
 0.9450E+01 0.4014E+00 0.4078E+00 0.4147E+00
 0.9500E+01 0.4015E+00 0.4079E+00 0.4148E+00
 0.9550E+01 0.4016E+00 0.4079E+00 0.4148E+00
 0.9600E+01 0.4018E+00 0.4080E+00 0.4149E+00
 0.9650E+01 0.4019E+00 0.4081E+00 0.4149E+00
 0.9700E+01 0.4020E+00 0.4082E+00 0.4150E+00
 0.9750E+01 0.4022E+00 0.4083E+00 0.4150E+00
 0.9800E+01 0.4023E+00 0.4084E+00 0.4151E+00
 0.9850E+01 0.4024E+00 0.4085E+00 0.4151E+00
 0.9900E+01 0.4026E+00 0.4086E+00 0.4152E+00
 0.9950E+01 0.4027E+00 0.4087E+00 0.4152E+00
 0.1000E+02 0.4029E+00 0.4088E+00 0.4153E+00
 0.1005E+02 0.4030E+00 0.4089E+00 0.4154E+00
 0.1010E+02 0.4031E+00 0.4090E+00 0.4154E+00
 0.1015E+02 0.4033E+00 0.4091E+00 0.4155E+00
 0.1020E+02 0.4034E+00 0.4092E+00 0.4155E+00
 0.1025E+02 0.4036E+00 0.4093E+00 0.4156E+00
 0.1030E+02 0.4037E+00 0.4094E+00 0.4157E+00
 0.1035E+02 0.4039E+00 0.4095E+00 0.4157E+00
 0.1040E+02 0.4040E+00 0.4096E+00 0.4158E+00
 0.1045E+02 0.4041E+00 0.4097E+00 0.4159E+00
 0.1050E+02 0.4043E+00 0.4098E+00 0.4160E+00
 0.1055E+02 0.4044E+00 0.4099E+00 0.4160E+00
 0.1060E+02 0.4046E+00 0.4101E+00 0.4161E+00
 0.1065E+02 0.4047E+00 0.4102E+00 0.4162E+00
 0.1070E+02 0.4049E+00 0.4103E+00 0.4163E+00
 0.1075E+02 0.4050E+00 0.4104E+00 0.4163E+00
 0.1080E+02 0.4052E+00 0.4105E+00 0.4164E+00
 0.1085E+02 0.4053E+00 0.4106E+00 0.4165E+00
 0.1090E+02 0.4055E+00 0.4107E+00 0.4166E+00
 0.1095E+02 0.4056E+00 0.4109E+00 0.4167E+00
 0.1100E+02 0.4058E+00 0.4110E+00 0.4167E+00
 0.1105E+02 0.4059E+00 0.4111E+00 0.4168E+00
 0.1110E+02 0.4061E+00 0.4112E+00 0.4169E+00
 0.1115E+02 0.4062E+00 0.4113E+00 0.4170E+00
 0.1120E+02 0.4064E+00 0.4115E+00 0.4171E+00
 0.1125E+02 0.4066E+00 0.4116E+00 0.4172E+00
 0.1130E+02 0.4067E+00 0.4117E+00 0.4173E+00
 0.1135E+02 0.4069E+00 0.4118E+00 0.4174E+00
 0.1140E+02 0.4070E+00 0.4119E+00 0.4175E+00
 0.1145E+02 0.4072E+00 0.4121E+00 0.4175E+00
 0.1150E+02 0.4073E+00 0.4122E+00 0.4176E+00
 0.1155E+02 0.4075E+00 0.4123E+00 0.4177E+00
 0.1160E+02 0.4076E+00 0.4124E+00 0.4178E+00
 0.1165E+02 0.4078E+00 0.4126E+00 0.4179E+00
 0.1170E+02 0.4080E+00 0.4127E+00 0.4180E+00
 0.1175E+02 0.4081E+00 0.4128E+00 0.4181E+00
 0.1180E+02 0.4083E+00 0.4130E+00 0.4182E+00
 0.1185E+02 0.4084E+00 0.4131E+00 0.4183E+00
 0.1190E+02 0.4086E+00 0.4132E+00 0.4184E+00
 0.1195E+02 0.4088E+00 0.4133E+00 0.4185E+00
 0.1200E+02 0.4089E+00 0.4135E+00 0.4186E+00
 0.1205E+02 0.4091E+00 0.4136E+00 0.4187E+00
 0.1210E+02 0.4092E+00 0.4137E+00 0.4188E+00
 0.1215E+02 0.4094E+00 0.4139E+00 0.4189E+00
 0.1220E+02 0.4096E+00 0.4140E+00 0.4190E+00
 0.1225E+02 0.4097E+00 0.4141E+00 0.4191E+00
 0.1230E+02 0.4099E+00 0.4143E+00 0.4193E+00
 0.1235E+02 0.4100E+00 0.4144E+00 0.4194E+00
 0.1240E+02 0.4102E+00 0.4145E+00 0.4195E+00
 0.1245E+02 0.4104E+00 0.4147E+00 0.4196E+00
 0.1250E+02 0.4105E+00 0.4148E+00 0.4197E+00
 0.1255E+02 0.4107E+00 0.4150E+00 0.4198E+00
 0.1260E+02 0.4109E+00 0.4151E+00 0.4199E+00
 0.1265E+02 0.4110E+00 0.4152E+00 0.4200E+00
 0.1270E+02 0.4112E+00 0.4154E+00 0.4201E+00
 0.1275E+02 0.4114E+00 0.4155E+00 0.4202E+00
 0.1280E+02 0.4115E+00 0.4156E+00 0.4204E+00
 0.1285E+02 0.4117E+00 0.4158E+00 0.4205E+00
 0.1290E+02 0.4119E+00 0.4159E+00 0.4206E+00
 0.1295E+02 0.4120E+00 0.4161E+00 0.4207E+00
 0.1300E+02 0.4122E+00 0.4162E+00 0.4208E+00
 0.1305E+02 0.4123E+00 0.4163E+00 0.4209E+00
 0.1310E+02 0.4125E+00 0.4165E+00 0.4210E+00
 0.1315E+02 0.4127E+00 0.4166E+00 0.4212E+00
 0.1320E+02 0.4128E+00 0.4168E+00 0.4213E+00
 0.1325E+02 0.4130E+00 0.4169E+00 0.4214E+00
 0.1330E+02 0.4132E+00 0.4171E+00 0.4215E+00
 0.1335E+02 0.4133E+00 0.4172E+00 0.4216E+00
 0.1340E+02 0.4135E+00 0.4173E+00 0.4218E+00
 0.1345E+02 0.4137E+00 0.4175E+00 0.4219E+00
 0.1350E+02 0.4138E+00 0.4176E+00 0.4220E+00
 0.1355E+02 0.4140E+00 0.4178E+00 0.4221E+00
 0.1360E+02 0.4142E+00 0.4179E+00 0.4222E+00
 0.1365E+02 0.4143E+00 0.4181E+00 0.4224E+00
 0.1370E+02 0.4145E+00 0.4182E+00 0.4225E+00
 0.1375E+02 0.4147E+00 0.4183E+00 0.4226E+00
 0.1380E+02 0.4148E+00 0.4185E+00 0.4227E+00
 0.1385E+02 0.4150E+00 0.4186E+00 0.4228E+00
 0.1390E+02 0.4152E+00 0.4188E+00 0.4230E+00
 0.1395E+02 0.4153E+00 0.4189E+00 0.4231E+00
 0.1400E+02 0.4155E+00 0.4191E+00 0.4232E+00
 0.1405E+02 0.4157E+00 0.4192E+00 0.4233E+00
 0.1410E+02 0.4158E+00 0.4194E+00 0.4235E+00
 0.1415E+02 0.4160E+00 0.4195E+00 0.4236E+00
 0.1420E+02 0.4162E+00 0.4196E+00 0.4237E+00
 0.1425E+02 0.4163E+00 0.4198E+00 0.4238E+00
 0.1430E+02 0.4165E+00 0.4199E+00 0.4240E+00
 0.1435E+02 0.4167E+00 0.4201E+00 0.4241E+00
 0.1440E+02 0.4168E+00 0.4202E+00 0.4242E+00
 0.1445E+02 0.4170E+00 0.4204E+00 0.4243E+00
 0.1450E+02 0.4172E+00 0.4205E+00 0.4245E+00
 0.1455E+02 0.4173E+00 0.4207E+00 0.4246E+00
 0.1460E+02 0.4175E+00 0.4208E+00 0.4247E+00
 0.1465E+02 0.4177E+00 0.4210E+00 0.4248E+00
 0.1470E+02 0.4178E+00 0.4211E+00 0.4250E+00
 0.1475E+02 0.4180E+00 0.4213E+00 0.4251E+00
 0.1480E+02 0.4182E+00 0.4214E+00 0.4252E+00
 0.1485E+02 0.4183E+00 0.4216E+00 0.4254E+00
 0.1490E+02 0.4185E+00 0.4217E+00 0.4255E+00
 0.1495E+02 0.4187E+00 0.4218E+00 0.4256E+00
 0.1500E+02 0.4188E+00 0.4220E+00 0.4257E+00
 0.1505E+02 0.4190E+00 0.4221E+00 0.4259E+00

 LOW