    rad[km]  rho[g.cm-3]  Vp[km/s]   Vs[km/s]  Phi[km2/s2]  K[GPa]   lambda[GPa]  mu[GPa]      nu      g[m/s2]     P[GPa]   depth[km]
======================================================================================================================================
     6371.0      1.020      1.450      0.000       2.10        2.1        2.1        0.0     0.5000      9.822      0.000        0.0
     6368.0      1.020      1.450      0.000       2.10        2.1        2.1        0.0     0.5000      9.828      0.030        3.0
-------------------------------------------------------------------------------------------------------------------------------------- 
     6368.0      2.600      5.800      3.200      19.99       52.0       34.2       26.6     0.2812      9.828      0.030        3.0
     6356.0      2.600      5.800      3.200      19.99       52.0       34.2       26.6     0.2812      9.839      0.337       15.0
-------------------------------------------------------------------------------------------------------------------------------------- 
     6356.0      2.900      6.800      3.900      25.96       75.3       45.9       44.1     0.2549      9.839      0.337       15.0
     6346.6      2.900      6.800      3.900      25.96       75.3       45.9       44.1     0.2549      9.846      0.605       24.4
-------------------------------------------------------------------------------------------------------------------------------------- 
     6346.6      3.381      8.111      4.491      38.89      131.5       86.0       68.2     0.2789      9.846      0.605       24.4
     6300.0      3.376      8.082      4.474      38.63      130.4       85.4       67.6     0.2791      9.859      2.156       71.0
---- 6291.0 ---- 3.375 ---- 8.076 ---- 4.471 ---- 38.58 ---- 130.2 ----- 85.2 ----- 67.4 --- 0.2791 ---- 9.862 ---- 2.456 ----- 80.0 -
     6200.0      3.365      8.020      4.437      38.07      128.1       83.9       66.2     0.2795      9.892      5.484      171.0
     6151.0      3.359      7.990      4.419      37.80      127.0       83.3       65.6     0.2796      9.911      7.116      220.0
-------------------------------------------------------------------------------------------------------------------------------------- 
     6151.0      3.436      8.559      4.644      44.50      152.9      103.5       74.1     0.2914      9.911      7.116      220.0
     6100.0      3.466      8.657      4.680      45.75      158.6      108.0       75.9     0.2936      9.929      8.861      271.0
     6000.0      3.526      8.849      4.750      48.23      170.1      117.0       79.5     0.2977      9.964     12.339      371.0
     5971.0      3.543      8.905      4.770      48.97      173.5      119.8       80.6     0.2988      9.975     13.361      400.0
-------------------------------------------------------------------------------------------------------------------------------------- 
     5971.0      3.724      9.134      4.932      50.99      189.9      129.5       90.6     0.2942      9.975     13.361      400.0
     5900.0      3.813      9.497      5.140      54.98      209.7      142.5      100.7     0.2929      9.989     16.032      471.0
     5800.0      3.939     10.009      5.431      60.85      239.7      162.3      116.2     0.2913     10.006     19.907      571.0
---- 5771.0 ---- 3.976 --- 10.158 ---- 5.516 ---- 62.61 ---- 248.9 ---- 168.3 ---- 121.0 --- 0.2909 --- 10.010 --- 21.056 ---- 600.0 -
     5701.0      3.992     10.266      5.570      64.02      255.6      173.0      123.9     0.2914     10.021     23.849      670.0
-------------------------------------------------------------------------------------------------------------------------------------- 
     5701.0      4.381     10.751      5.945      68.46      299.9      196.7      154.8     0.2798     10.021     23.849      670.0
     5700.0      4.381     10.754      5.948      68.49      300.1      196.7      155.0     0.2796     10.021     23.893      671.0
---- 5600.0 ---- 4.443 --- 11.066 ---- 6.241 ---- 70.52 ---- 313.3 ---- 198.0 ---- 173.0 --- 0.2668 --- 10.005 --- 28.311 ---- 771.0 -
     5500.0      4.504     11.245      6.311      73.35      330.3      210.8      179.4     0.2701      9.990     32.783      871.0
     5400.0      4.563     11.416      6.378      76.08      347.1      223.4      185.6     0.2731      9.976     37.309      971.0
     5300.0      4.621     11.578      6.442      78.72      363.8      235.9      191.8     0.2758      9.964     41.887     1071.0
     5200.0      4.678     11.734      6.504      81.28      380.3      248.3      197.9     0.2783      9.953     46.518     1171.0
     5100.0      4.735     11.882      6.562      83.76      396.6      260.7      203.9     0.2805      9.945     51.200     1271.0
     5000.0      4.790     12.024      6.619      86.18      412.8      272.9      209.8     0.2826      9.939     55.935     1371.0
     4900.0      4.844     12.161      6.673      88.52      428.8      285.0      215.7     0.2846      9.936     60.722     1471.0
     4800.0      4.898     12.293      6.725      90.81      444.8      297.1      221.5     0.2864      9.938     65.562     1571.0
     4700.0      4.951     12.421      6.776      93.06      460.7      309.2      227.3     0.2881      9.943     70.457     1671.0
     4600.0      5.003     12.545      6.825      95.26      476.6      321.2      233.0     0.2898      9.954     75.408     1771.0
     4500.0      5.055     12.666      6.873      97.43      492.5      333.3      238.8     0.2913      9.970     80.417     1871.0
     4400.0      5.106     12.784      6.920      99.59      508.5      345.5      244.5     0.2928      9.992     85.488     1971.0
     4300.0      5.157     12.900      6.965     101.73      524.6      357.8      250.2     0.2943     10.022     90.623     2071.0
     4200.0      5.207     13.016      7.010     103.88      540.9      370.3      255.9     0.2957     10.060     95.825     2171.0
     4100.0      5.257     13.131      7.055     106.04      557.5      383.0      261.7     0.2971     10.107    101.101     2271.0
     4000.0      5.307     13.245      7.100     108.23      574.4      396.1      267.5     0.2984     10.165    106.455     2371.0
     3900.0      5.357     13.361      7.144     110.46      591.7      409.4      273.4     0.2998     10.234    111.892     2471.0
     3800.0      5.407     13.477      7.189     112.73      609.5      423.3      279.4     0.3012     10.316    117.422     2571.0
     3700.0      5.457     13.596      7.234     115.08      627.9      437.6      285.5     0.3026     10.413    123.051     2671.0
---- 3630.0 ---- 5.491 --- 13.680 ---- 7.266 --- 116.76 ---- 641.2 ---- 447.9 ---- 289.9 --- 0.3035 --- 10.491 -- 127.056 --- 2741.0 -
     3600.0      5.506     13.688      7.266     116.96      644.0      450.2      290.7     0.3038     10.527    128.789     2771.0
     3500.0      5.556     13.712      7.265     117.64      653.7      458.2      293.3     0.3049     10.660    134.648     2871.0
     3480.0      5.566     13.717      7.265     117.78      655.6      459.8      293.8     0.3051     10.689    135.836     2891.0
-------------------------------------------------------------------------------------------------------------------------------------- 
     3480.0      9.903      8.065      0.000      65.04      644.1      644.1        0.0     0.5000     10.689    135.836     2891.0
     3400.0     10.029      8.199      0.000      67.23      674.3      674.3        0.0     0.5000     10.513    144.289     2971.0
     3300.0     10.181      8.360      0.000      69.89      711.6      711.6        0.0     0.5000     10.287    154.799     3071.0
     3200.0     10.327      8.513      0.000      72.47      748.4      748.4        0.0     0.5000     10.053    165.229     3171.0
     3100.0     10.467      8.658      0.000      74.96      784.7      784.7        0.0     0.5000      9.811    175.556     3271.0
     3000.0     10.602      8.796      0.000      77.37      820.2      820.2        0.0     0.5000      9.563    185.761     3371.0
     2900.0     10.730      8.926      0.000      79.68      855.0      855.0        0.0     0.5000      9.308    195.826     3471.0
     2800.0     10.853      9.050      0.000      81.91      888.9      888.9        0.0     0.5000      9.047    205.731     3571.0
     2700.0     10.971      9.168      0.000      84.04      922.0      922.0        0.0     0.5000      8.780    215.458     3671.0
     2600.0     11.083      9.279      0.000      86.10      954.2      954.2        0.0     0.5000      8.508    224.990     3771.0
     2500.0     11.191      9.384      0.000      88.06      985.5      985.5        0.0     0.5000      8.230    234.311     3871.0
     2400.0     11.293      9.484      0.000      89.95     1015.8     1015.8        0.0     0.5000      7.947    243.405     3971.0
     2300.0     11.390      9.579      0.000      91.75     1045.1     1045.1        0.0     0.5000      7.660    252.256     4071.0
     2200.0     11.483      9.669      0.000      93.48     1073.5     1073.5        0.0     0.5000      7.369    260.851     4171.0
     2100.0     11.571      9.754      0.000      95.14     1100.9     1100.9        0.0     0.5000      7.074    269.176     4271.0
     2000.0     11.655      9.835      0.000      96.73     1127.3     1127.3        0.0     0.5000      6.776    277.218     4371.0
     1900.0     11.734      9.912      0.000      98.25     1152.9     1152.9        0.0     0.5000      6.474    284.966     4471.0
     1800.0     11.809      9.986      0.000      99.71     1177.5     1177.5        0.0     0.5000      6.171    292.409     4571.0
     1700.0     11.880     10.056      0.000     101.12     1201.3     1201.3        0.0     0.5000      5.865    299.537     4671.0
     1600.0     11.947     10.123      0.000     102.47     1224.2     1224.2        0.0     0.5000      5.558    306.342     4771.0
     1500.0     12.010     10.187      0.000     103.78     1246.4     1246.4        0.0     0.5000      5.251    312.816     4871.0
     1400.0     12.069     10.250      0.000     105.05     1267.9     1267.9        0.0     0.5000      4.944    318.953     4971.0
     1300.0     12.125     10.310      0.000     106.29     1288.8     1288.8        0.0     0.5000      4.640    324.750     5071.0
     1221.5     12.166     10.356      0.000     107.24     1304.7     1304.7        0.0     0.5000      4.403    329.060     5149.5
-------------------------------------------------------------------------------------------------------------------------------------- 
     1221.5     12.764     11.028      3.504     105.25     1343.4     1238.9      156.7     0.4438      4.403    329.060     5149.5
     1200.0     12.775     11.036      3.510     105.38     1346.2     1241.2      157.4     0.4437      4.328    330.259     5171.0
     1100.0     12.825     11.072      3.535     105.94     1358.6     1251.8      160.3     0.4432      3.976    335.574     5271.0
     1000.0     12.871     11.105      3.558     106.45     1370.1     1261.4      163.0     0.4428      3.623    340.456     5371.0
      900.0     12.912     11.135      3.579     106.91     1380.5     1270.2      165.4     0.4424      3.267    344.897     5471.0
      800.0     12.949     11.162      3.598     107.33     1389.8     1278.1      167.6     0.4420      2.909    348.889     5571.0
      700.0     12.982     11.185      3.614     107.70     1398.1     1285.1      169.6     0.4417      2.549    352.427     5671.0
      600.0     13.010     11.206      3.628     108.02     1405.3     1291.1      171.3     0.4414      2.188    355.505     5771.0
      500.0     13.034     11.223      3.640     108.29     1411.4     1296.2      172.7     0.4412      1.825    358.118     5871.0
      400.0     13.054     11.237      3.650     108.51     1416.4     1300.5      173.9     0.4410      1.461    360.261     5971.0
      300.0     13.069     11.248      3.658     108.68     1420.3     1303.7      174.9     0.4409      1.097    361.932     6071.0
      200.0     13.080     11.256      3.663     108.80     1423.1     1306.1      175.5     0.4408      0.732    363.127     6171.0
      100.0     13.086     11.261      3.667     108.88     1424.8     1307.5      175.9     0.4407      0.366    363.845     6271.0
        0.0     13.089     11.262      3.668     108.90     1425.3     1308.0      176.1     0.4407      0.000    ???         6371.0
-------------------------------------------------------------------------------------------------------------------------------------- 
